Sample,DYS19,DYS388,DYS389a,DYS389c,DYS390,DYS391,DYS392,DYS393
Australian21,192,128,253,116,216,284,256,124
Australian23,192,134,249,116,212,284,250,124
Australian25,196,131,249,124,220,284,250,120
Australian26,196,131,249,124,220,284,250,120
Australian27,196,131,249,124,220,284,250,120
Australian28,192,128,253,112,216,284,256,124
Baluchi10,196,128,257,124,216,284,250,120
Baluchi11,200,137,253,116,208,284,250,120
Baluchi13,192,137,253,116,208,284,250,120
Baluchi5,192,137,253,116,208,284,250,120
Baluchi6,196,128,257,128,216,284,250,120
Baluchi9,196,128,257,124,216,284,250,120
Basque12v,192,143,249,116,216,284,250,120
Basque16v,192,143,249,116,216,288,256,124
Basque1v,188,128,257,116,216,280,250,124
Basque21v,188,128,253,116,216,284,256,124
Basque24v,192,128,253,116,216,288,256,124
Basque25v,192,128,257,116,212,288,256,128
Basque26v,196,131,253,116,220,284,250,124
Basque30v,192,128,253,116,220,284,256,120
Basque32v,192,128,253,112,216,288,256,124
Basque35v,192,128,253,116,216,284,256,124
Basque41v,192,128,257,120,216,284,256,124
Basque44v,192,128,253,116,216,284,256,124
Basque47v,192,128,253,116,212,284,256,128
Basque48v,196,128,253,120,212,288,256,124
Basque54v,192,128,257,116,216,288,256,124
Basque57v,188,134,249,116,216,292,250,124
Basque59v,192,128,253,112,212,288,256,128
Basque61v,192,128,253,116,216,288,256,124
Basque62v,192,128,257,116,212,288,256,124
Basque66v,204,131,261,112,212,284,250,124
Basque73v,192,128,253,116,216,288,256,124
Basque75v,192,128,249,116,216,288,256,124
Basque76v,192,128,253,116,216,288,256,124
Basque77v,192,128,257,116,216,288,256,124
Basque78v,192,128,253,116,216,288,256,124
Basque79v,188,128,253,116,220,284,256,120
Basque7v,192,128,249,116,216,288,256,124
Bench1,192,128,257,124,212,288,250,124
Bench10,192,128,253,128,216,284,253,128
Bench2,192,128,253,124,212,284,250,124
Bench3,196,128,257,124,216,284,253,128
Bench5,192,128,257,120,212,284,250,124
Bench6,200,128,257,120,208,288,250,120
Bench7,192,128,253,124,216,288,250,124
Bench9,188,128,253,120,216,284,250,128
Berta1,192,143,253,120,212,288,250,120
Berta10,188,128,249,120,216,288,250,124
Berta12,192,143,253,120,212,288,250,120
Berta15,192,143,253,120,212,288,250,120
Berta16,200,122,253,120,212,288,250,124
Berta3,192,128,253,120,220,284,256,120
Berta5,180,128,253,120,216,288,253,124
Berta6,196,128,249,120,208,280,250,124
Bozo1,204,128,253,120,204,284,250,124
Bozo2,196,128,249,120,208,280,253,124
Bozo3,196,128,249,120,208,288,250,124
Bozo5,200,119,253,124,208,288,250,128
Brahui12,196,128,257,124,216,284,250,120
Brahui18,192,131,253,116,212,284,247,128
Brahui19,192,131,253,116,212,284,247,128
Brahui24,196,128,257,124,216,284,250,120
Brahui7,196,128,253,120,212,284,253,124
Brahui8,192,128,249,120,212,284,253,120
Burushaski10,200,128,253,116,216,284,250,124
Burushaski100,200,128,253,116,220,288,253,124
Burushaski113,196,128,257,116,216,284,247,128
Burushaski117,196,128,257,116,208,288,250,120
Burushaski118,196,128,257,112,216,284,247,128
Burushaski120,200,128,253,116,208,284,259,120
Burushaski124,200,128,253,116,220,284,253,124
Burushaski140,200,128,253,116,208,284,259,120
Burushaski25,200,128,257,116,208,284,259,120
Burushaski30,196,131,253,124,208,284,250,120
Burushaski35,192,128,253,116,212,280,253,124
Burushaski37,196,128,257,112,216,284,247,128
Burushaski46,196,128,257,116,216,284,247,128
Burushaski47,200,128,257,116,220,284,253,124
Burushaski52,204,128,253,104,220,284,250,124
Burushaski59,204,128,253,112,220,284,250,124
Burushaski73,196,128,253,116,212,284,253,124
Burushaski74,200,128,253,120,216,288,250,124
Burushaski78,200,131,257,116,208,280,250,128
Burushaski79,196,128,257,108,216,284,247,128
Burushaski90,192,128,253,116,212,284,253,124
Burushaski96,200,128,253,116,220,288,253,124
Burushaski97,196,137,249,116,216,284,250,120
Burushaski98,192,134,253,116,216,284,250,120
CARPygmy102,204,128,257,120,204,284,250,132
CARPygmy109,204,128,249,116,212,288,250,128
CARPygmy115,204,128,257,120,204,284,250,132
CARPygmy202,200,128,253,116,204,284,250,124
CARPygmy203,196,128,253,124,204,288,250,124
CARPygmy204,204,128,257,120,204,284,250,132
CARPygmy205,196,128,245,116,216,280,250,120
CARPygmy206,204,128,257,120,204,284,250,132
CARPygmy233,200,128,253,116,204,284,250,124
CARPygmy234,200,128,245,116,208,284,250,120
CARPygmy235,200,128,249,120,200,284,250,128
CARPygmy240,200,122,257,124,216,284,250,124
CARPygmy261,196,128,253,124,204,288,250,124
CARPygmy262,204,128,253,124,200,284,250,132
CARPygmy280,200,128,257,128,204,284,250,124
CARPygmy33,200,128,249,120,200,284,250,132
CARPygmy71,200,128,249,120,200,284,250,132
CARPygmy73,200,128,249,120,200,284,250,128
CARPygmy9,196,128,245,116,216,280,250,120
CARPygmy96,196,128,253,116,220,276,250,120
Cambodian157,196,128,253,116,220,288,256,128
Cambodian158,196,128,253,116,220,284,256,128
Cambodian162,196,128,253,120,212,284,256,120
Cambodian174,192,122,249,112,220,284,256,120
Cambodian176,192,137,253,116,212,284,250,124
Cambodian177,192,137,253,116,212,284,250,124
Cambodian191,196,128,253,120,220,284,250,124
Cambodian194,196,128,253,120,220,288,256,128
Cambodian200,196,128,253,112,220,284,256,132
Cambodian225,200,128,253,120,220,288,256,124
Cambodian229,196,128,249,116,212,284,259,120
Cambodian239,204,128,257,112,212,284,250,128
Cambodian252,196,128,253,120,216,288,262,128
Cambodian256,196,128,253,120,216,288,262,128
Cambodian286,200,128,253,112,220,284,256,124
Cambodian297,196,128,257,116,208,284,250,120
Catalan11c,192,134,249,116,212,284,250,124
Catalan13c,192,125,253,124,220,284,250,120
Catalan20c,192,128,253,116,216,288,250,124
Catalan33c,196,137,253,124,212,280,250,124
Catalan36c,192,128,257,116,216,288,250,124
Catalan39c,196,128,249,124,208,284,250,124
Catalan43c,192,128,253,116,212,288,259,128
Catalan54c,192,128,253,120,216,284,250,124
Catalan56c,192,128,253,116,216,288,250,124
Catalan61c,192,128,253,116,216,288,253,120
Catalan64c,192,128,253,116,212,288,256,124
Catalan69c,192,128,257,120,216,288,250,124
Catalan74c,192,128,257,120,216,288,250,124
Catalan8c,192,128,253,116,216,284,256,124
Chinese38,196,128,249,124,212,288,259,124
Chinese44,192,122,249,112,216,284,256,120
Chinese47,204,128,257,112,216,284,253,128
Chinese49,196,122,249,120,216,284,256,120
Columbian173,188,128,253,120,216,284,259,128
Columbian2109,188,128,257,116,216,284,259,124
Columbian2126,188,128,257,116,216,284,256,120
Columbian2173,188,128,257,120,216,284,256,120
Columbian2179,192,128,257,120,212,284,250,124
Dasenech10,180,128,249,120,216,284,253,124
Dasenech6,196,128,253,120,220,284,250,124
Dasenech7,204,128,253,124,216,288,253,124
Dasenech8,196,125,253,116,204,280,250,124
Dasenech9,200,131,249,120,216,288,250,124
Dizi2,196,125,253,116,204,280,250,132
Dizi3,180,128,253,120,220,284,253,124
Dizi5,180,128,257,120,220,284,253,124
Dizi6,192,128,253,120,212,284,253,124
Dogon15,200,128,253,120,204,288,250,128
Dogon17,196,131,249,124,216,280,250,128
Dogon20,192,128,249,120,212,284,250,120
Dogon4,196,131,249,124,216,280,250,128
Dogon6,192,128,249,120,212,284,250,120
Dogon7,196,131,249,124,216,280,250,128
Dogon8,196,131,249,124,216,280,250,128
Hamar1,196,131,249,124,220,288,250,124
Hamar11,188,128,253,116,216,284,250,132
Hamar7,192,128,253,120,212,284,250,124
Hamar8,188,128,249,124,212,288,250,124
Hamar9,188,128,249,124,212,288,250,124
Italian107,196,137,249,116,216,288,250,120
Italian91,188,128,253,116,212,292,256,124
Japanese13,196,128,249,124,212,284,253,120
Japanese19,196,128,257,120,212,284,250,124
Japanese2,204,128,253,116,216,284,256,120
Japanese20,204,128,253,120,220,284,250,124
Japanese28,196,128,257,112,208,284,256,124
Japanese3,196,128,253,120,220,284,250,124
Japanese39,204,128,257,112,216,284,250,124
Japanese4,196,128,257,112,208,284,256,124
Japanese46,204,128,257,116,220,288,250,124
Japanese50,200,128,253,120,220,284,250,128
Karitiana12,192,128,249,120,212,284,259,124
Karitiana17,192,128,253,124,216,284,259,128
Karitiana22,188,131,253,120,216,284,262,124
Karitiana23,188,131,253,120,216,284,259,124
Karitiana4,188,131,253,120,216,284,259,124
Karitiana41,188,131,253,120,216,284,259,124
Karitiana43,188,131,253,120,216,284,259,124
Karitiana48,188,131,253,124,216,284,259,124
Karitiana9,188,131,253,120,216,284,259,124
Konso1,192,128,253,124,216,284,250,128
Konso10,192,128,249,112,212,288,250,124
Konso2,192,128,253,124,216,284,250,128
Konso5,192,128,253,124,220,284,250,124
Konso6,192,128,253,124,220,284,250,124
Konso7,196,128,249,128,212,284,250,128
Konso8,192,128,253,124,216,284,250,132
Konso9,192,128,249,128,216,284,250,128
Lissongo18,196,128,253,120,208,284,250,128
Lissongo19,200,128,253,120,204,284,250,124
Lissongo21,196,128,249,116,216,284,250,124
Lissongo30,200,128,257,112,204,292,250,132
Majangir1,196,125,249,124,212,288,250,124
Majangir10,196,125,249,124,212,288,250,124
Majangir11,196,125,249,124,212,288,250,124
Majangir2,196,131,249,120,216,288,250,124
Majangir3,196,125,249,124,212,288,250,124
Majangir4,196,125,249,124,212,288,250,124
Majangir5,196,131,249,120,216,288,250,124
Majangir6,196,131,253,120,216,288,250,124
Majangir7,196,131,249,120,216,288,250,124
Majangir8,200,131,249,116,204,288,250,120
Mayan31,192,128,253,124,216,288,262,124
Mayan32,192,128,257,120,216,292,256,124
Mayan39,188,125,249,120,220,284,259,124
Mayan4,188,128,249,124,212,280,256,124
Mayan45,188,128,257,124,216,288,259,124
Mayan46,188,128,249,120,212,284,256,128
Mayan50,188,128,253,112,216,284,259,124
Melanesian12,196,128,249,108,216,288,256,124
Melanesian15,196,128,249,112,216,288,256,124
Melanesian18,196,128,249,112,216,288,256,124
Melanesian23,196,128,249,112,216,288,253,124
Melanesian24,196,131,249,112,212,284,256,124
Melanesian9,196,128,249,112,212,284,256,128
Moskoke2260,192,128,253,116,220,288,253,124
Moskoke2261,188,128,257,128,216,284,259,124
Moskoke2355,192,131,249,124,216,280,250,128
NEur10-050,192,134,249,116,208,284,250,124
NEur10-051,192,134,249,116,208,284,250,124
NEur16-434,192,128,249,116,216,288,253,124
NewGuinea14,196,125,253,116,212,284,256,124
NewGuinea29,196,128,253,124,216,288,259,124
NewGuinea36,196,128,249,124,212,284,259,124
NewGuinea37,204,128,249,116,212,284,256,124
NewGuinea39,196,125,253,116,216,280,256,124
NewGuinea40,192,125,253,116,208,284,256,124
NewGuinea42,196,137,253,120,204,284,250,128
NewGuinea52,200,134,253,120,220,288,253,124
NewGuinea81,192,125,249,120,216,284,256,124
NewGuinea83,200,128,249,116,216,284,256,124
NewGuinea87,200,137,257,120,204,284,250,132
NewGuinea89,196,137,257,124,200,284,250,128
Nyangatom10,196,128,253,120,204,284,250,124
Nyangatom11,196,128,249,124,204,284,250,124
Nyangatom12,192,125,249,124,208,280,250,124
Nyangatom2,188,128,257,120,216,284,250,128
Nyangatom3,200,128,253,128,216,284,253,124
Nyangatom4,196,128,257,120,208,284,250,124
Nyangatom5,200,128,253,128,216,284,253,124
Nyangatom6,196,122,257,124,216,284,250,124
Nyangatom7,196,128,253,124,204,284,250,124
Nyangatom8,196,122,261,120,216,284,250,124
Nyangatom9,196,122,257,124,216,284,250,124
Okinawan2,200,128,253,112,212,284,256,124
OmegaSan132,196,128,257,124,204,284,250,124
OmegaSan136,200,128,257,112,200,284,247,124
OmegaSan139,188,128,241,120,216,284,250,128
OmegaSan143,188,128,249,108,204,284,256,116
OmegaSan145,204,128,253,116,204,276,250,124
OmegaSan147,200,128,253,120,204,284,250,132
OmegaSan148,200,125,253,120,208,288,250,128
OmegaSan56,204,128,253,116,200,284,250,132
OmegaSan63,196,128,253,99,216,284,250,120
OmegaSan66,188,128,241,120,212,284,250,128
OmegaSan70,200,125,253,120,208,288,250,128
OmegaSan71,196,128,253,99,216,280,250,120
OmegaSan72,200,125,253,120,208,288,250,128
OmegaSan94,196,128,253,99,216,284,250,120
OmegaSan98,204,128,257,120,204,284,250,132
Ongota1,188,128,253,120,216,288,250,128
Ongota10,192,128,253,124,216,284,250,124
Ongota2,196,125,253,116,204,280,250,124
Ongota3,192,128,253,124,216,284,250,124
Ongota4,192,128,249,120,212,284,256,136
Ongota5,192,128,253,124,216,284,250,124
Ongota6,192,128,253,124,216,288,250,124
Ongota7,192,128,253,124,216,284,250,124
Ongota9,196,128,253,132,212,284,250,124
Pathan42,192,128,253,112,212,288,256,120
Pathan43,200,128,253,120,208,288,253,124
Pathan49,192,128,253,120,216,288,256,128
Pathan52,196,128,253,120,216,288,250,120
Pathan53,200,128,253,120,208,288,250,124
Pathan59,192,128,249,112,208,284,259,116
Pathan62,192,122,249,116,212,284,259,120
Pathan63,196,128,253,120,220,288,250,124
Pathan64,196,128,253,120,216,288,250,124
Peulh10,200,128,253,132,204,284,250,128
Peulh2,204,128,253,120,204,284,250,128
Peulh3,200,128,253,124,204,284,250,128
Peulh4,196,128,253,124,204,288,250,124
Peulh8,188,128,253,124,204,288,250,124
Peulh9,196,128,253,124,204,288,250,124
Quechua2347,192,128,257,124,204,284,256,124
Quechua2354,196,128,253,120,208,284,256,124
Quechua2356,188,128,253,116,212,284,262,124
Quechua2643,188,131,253,116,220,284,259,132
SekeleSan28,196,128,253,99,212,288,250,120
SekeleSan30,204,125,249,116,192,288,247,124
SekeleSan301,196,128,253,99,216,288,250,120
SekeleSan304,200,128,257,100,216,284,250,120
SekeleSan305,200,128,257,116,200,280,250,124
SekeleSan306,196,128,253,124,204,288,250,124
SekeleSan321,200,128,257,100,216,284,250,120
SekeleSan323,184,128,257,112,204,284,256,116
SekeleSan34,188,128,253,112,204,284,256,116
SekeleSan354,192,128,257,100,216,284,250,132
SekeleSan47,200,128,257,100,216,284,250,120
SekeleSan52,196,128,253,120,204,288,250,124
SekeleSan54,188,128,253,116,208,288,256,116
SekeleSan87,204,125,249,116,192,288,250,124
Sindhi1,192,128,249,116,208,284,259,116
Sindhi10,192,128,253,116,212,284,247,128
Sindhi14,192,131,249,112,212,284,250,120
Sindhi19,196,128,253,124,220,284,250,124
Sindhi20,192,128,257,116,216,284,250,128
Sindhi21,200,137,249,116,212,280,253,120
Sindhi22,196,137,249,120,216,288,250,124
Sindhi23,204,128,257,108,208,284,250,120
Sindhi26,192,128,249,120,208,284,259,116
Sindhi27,204,128,253,120,216,284,250,124
Sindhi3,192,128,249,116,208,284,259,116
Sindhi43,200,128,253,124,220,288,250,124
Sindhi6,188,137,253,112,212,284,250,120
Sindhi7,196,137,249,116,208,284,250,120
Sindhi9,196,128,253,124,220,288,250,124
Songhai1,188,128,257,116,216,280,250,124
Songhai12,200,137,245,120,204,284,250,124
Songhai2,204,137,249,112,208,288,250,128
Songhai4,188,128,257,116,216,280,250,124
Songhai6,196,128,265,120,220,284,256,124
Sotho4,196,128,253,120,208,284,250,128
Sotho44,196,122,257,124,216,288,250,124
Sotho47,196,122,253,124,220,284,250,124
Sotho48,192,128,257,120,204,284,250,132
Sotho49,192,128,249,116,220,284,250,124
Sotho50,200,128,249,120,204,284,250,124
Sotho51,196,122,253,124,212,284,250,124
Sotho53,196,128,253,120,204,284,250,132
Sotho54,200,128,253,120,204,284,253,132
Sotho58,196,128,253,120,204,284,250,132
Sotho59,196,122,257,128,216,284,250,124
Sotho60,200,128,253,124,204,284,250,124
Sotho61,196,122,253,124,216,284,250,124
Sotho62,188,128,241,120,216,288,250,128
Sotho63,200,128,253,120,204,284,250,132
Sotho65,200,125,249,120,208,288,247,124
Sotho68,204,128,253,120,204,284,250,136
Surma1,192,128,253,124,220,284,250,124
Surma10,196,125,253,120,204,280,250,132
Surma13,200,131,249,120,216,288,250,124
Surma19,200,131,249,120,212,288,250,124
Surma2,192,128,253,124,220,284,250,124
Surma20,200,131,249,120,216,288,250,124
Surma21,196,125,253,124,204,280,250,128
Surma22,200,131,249,120,216,288,250,124
Surma23,196,125,253,120,204,284,250,132
Surma3,192,128,253,124,220,284,250,124
Surma4,192,128,253,124,220,284,250,124
Surui102,188,128,253,120,216,284,259,124
Surui64,188,128,253,120,216,284,256,124
Surui81,192,128,253,116,216,288,256,124
Surui97,188,128,253,120,216,284,259,124
Swazi52,192,128,249,116,220,284,250,124
Swazi63,200,128,253,120,204,284,253,132
Swazi70-1,200,128,253,120,204,284,250,136
Swazi70-2,200,128,253,120,204,284,250,136
Swazi71,196,128,257,124,204,284,250,124
Taiw2924,196,128,253,116,212,288,259,124
Taiw2927,196,128,253,120,212,288,259,124
Taiw2961,196,128,253,116,212,288,259,124
Taiw2965,196,128,253,116,212,288,259,124
Taiw2971,196,128,253,116,212,288,259,124
Taiw2972,196,128,253,116,212,288,259,124
Taiw2973,196,128,253,116,212,288,259,124
Taiw2977,196,128,249,124,216,284,256,128
Taiw2992,196,134,249,112,216,284,256,124
Taiw2993,196,128,249,112,212,284,262,124
Taiw3003,196,128,249,124,216,284,256,128
Taiw3004,196,128,249,120,216,284,259,124
Taiw3009,184,128,257,112,216,284,256,124
Taiw3011,204,131,249,116,216,284,256,124
Taiw3013,196,131,253,112,216,284,256,124
Ticuna101,188,128,253,124,212,284,256,124
Ticuna106,188,131,253,116,220,284,256,132
Ticuna122,188,131,253,116,220,284,256,132
Ticuna124,188,131,253,116,220,284,256,128
Ticuna129,188,131,253,116,220,284,256,132
Ticuna134,188,131,253,116,220,284,256,132
Ticuna137,188,131,253,116,220,284,256,132
Ticuna138,188,131,253,116,220,284,256,128
Tsamako1,192,128,253,128,220,284,250,120
Tsamako5,192,125,253,116,204,280,250,124
Tsamako7,192,128,253,120,216,284,250,124
Tsamako8,192,128,253,120,216,284,250,132
Tsamako9,200,128,253,136,216,284,250,128
Tswana28,200,128,253,120,204,284,250,132
Tswana32,196,128,253,124,204,284,250,124
Tswana35,196,128,257,120,204,284,250,124
Tswana44,196,122,257,124,216,284,253,124
Tswana49,200,128,253,112,204,284,250,136
Tswana50,204,122,253,124,216,284,250,124
Tswana52,196,128,253,124,204,288,250,124
Tswana53,200,128,257,120,204,284,250,132
Tswana54,196,122,257,124,220,284,250,124
Tswana56,200,128,253,120,208,284,250,128
Tswana57,196,128,253,124,204,284,250,124
Tswana58,200,128,257,120,204,284,250,128
Tuareg1,188,128,257,112,216,280,250,124
Tuareg10,188,128,257,112,216,280,250,124
Tuareg12,188,128,257,112,216,280,250,124
Tuareg2,196,131,245,120,208,288,250,124
Tuareg3,188,128,253,116,208,280,250,124
Tuareg4,188,128,253,116,208,280,250,124
Tuareg5,188,128,257,116,216,280,250,124
Tuareg8,188,128,257,116,216,280,250,124
Tuareg9,188,128,257,116,216,280,250,124
Xhosa21,192,128,249,116,224,284,250,124
Xhosa24,196,119,253,120,204,284,250,124
Xhosa34,192,128,249,116,216,288,250,124
Xhosa35,196,128,253,124,204,284,250,128
Xhosa36,196,128,253,124,204,284,250,128
Xhosa37,192,128,249,116,224,284,250,124
Xhosa39,192,128,253,116,224,284,250,124
ZAIPygmy103,192,128,249,116,220,284,250,124
ZAIPygmy111,188,128,253,116,220,284,253,128
ZAIPygmy37,188,128,253,120,204,288,250,128
ZAIPygmy44,200,128,253,120,204,284,250,132
ZAIPygmy94,204,131,253,124,216,284,244,124
Zulu30,200,128,253,124,204,284,250,128
Zulu32,204,128,253,116,204,284,253,132
Zulu34,200,128,253,120,204,284,253,128
Zulu37,200,128,257,120,204,284,250,128
Zulu38,192,128,249,116,220,284,250,124
Zulu39,200,128,253,120,204,284,253,132
Zulu41,196,128,253,124,204,284,250,124
Zulu44,192,128,249,116,220,284,250,124
Zulu45,196,128,257,124,204,284,250,124
Zulu46,200,128,253,124,204,284,253,132
Zulu47,200,128,253,120,204,284,253,132
Zulu49,200,128,253,120,204,284,250,132
Zulu77,200,128,253,120,204,284,253,132
Zulu80,192,128,257,116,220,284,250,124
Zulu82,192,122,253,124,216,284,250,124
